state,Population,GDP,E.C. Votes 
0,AL,4858979,204235,9
1,AK,738432,52804,3
2,AZ,6828065,290578,11
3,AR,2978204,123207,6
4,CA,39144818,2458535,55
5,CO,5456574,314878,9
6,CT,3590886,258532,7
7,DE,945934,68071,3
8,DC,672228,122510,3
9,FL,20271272,882798,29
10,GA,10214860,495727,16
11,HI,1431603,79745,4
12,ID,1654930,65242,4
13,IL,12859995,775007,20
14,IN,6619680,336411,11
15,IA,3123899,174103,6
16,KS,2911641,147765,6
17,KY,4425092,194643,8
18,LA,4670724,243317,8
19,ME,1329328,56600,4
20,MD,6006401,363845,10
21,MA,6794422,476743,11
22,MI,9922576,466536,16
23,MN,5489594,333267,10
24,MS,2992333,107100,6
25,MO,6083672,293378,10
26,MT,1032949,45933,3
27,NE,1896190,113998,5
28,NV,2890845,141282,6
29,NH,1330608,72573,4
30,NJ,8958013,568155,14
31,NM,2085109,92231,5
32,NY,19795791,1441003,29
33,NC,10042802,499449,15
34,ND,756927,54830,3
35,OH,11613423,608109,18
36,OK,3911338,180425,7
37,OR,4028977,215331,7
38,PA,12802503,689173,20
39,RI,1056298,57049,4
40,SC,4896146,198714,9
41,SD,858469,46674,3
42,TN,6600299,314191,11
43,TX,27469114,1586468,38
44,UT,2995919,147108,6
45,VT,626042,30401,3
46,VA,8382993,479809,13
47,WA,7170351,443665,12
48,WV,1844128,73741,5
49,WI,5771337,305795,10
50,WY,586107,38624,3
